3622755
3622756
3621630
3621631
3600773
3621632
3622757
3622758
3622800
3622780
3622801
3622802
3622803
3622791
3622796
3622793
3622794
3622795
3622797
3621633
3622804
3622759
3622760
3622830
3622885
3622886
3622805
3622887
3622806
3622798
3622790
3474325
3622799
3622792
3621636
3621637
15355
16118
17310
19111
23464
41227
44027
3132176
3186754
3381122
3381128
3381168
3381176
3381180
3381187
3381189
3381204
3381206
3381209
3381213
3381241
3381248
3381257
3381266
3381294
3381333
3381361
3384953
3409701
3409730
3409733
3409737
3409745
3409759
3409774
3410931
3410976
3410994
3410997
3412971
3412975
3412997
3413000
3435633
3441058
3441065
3441077
3441081
3441087
3481391
3481411
3483049
3483054
3612432
3612433
3612434
3614088
3614089
3614100
3614110
3614111
3614112
3614114
3614115
3614116
3614117
3614118
3614119
3614130
3614131
3614132
3614133
3614134
3614135
3614136
3614137
3614138
3614139
3614140
3614141
3614142
3614143
3614144
3614145
3614146
3614147
3614148
3614149
3614150
3614151
3614152
3614153
3614154
3614155
3614156
3614157
3614158
3614159
3614160
3614161
3614162
3614163
3614164
3614165
3614167
3614168
3614169
3614170
3614229
3662520
3667479
3670256
3690288
3690289
3680886
3680887
3680888
3680021
3971899
3971900
